2 110 4
3 78 124 23
2 183 20
3 189 21 64
3 64 194 89
2 97 167
2 159 100
2 114 144
9 94 162 50 189 156 100 32 166 159
3 98 104 2
2 166 189
4 125 183 38 61
2 125 59
3 124 35 13
3 87 61 179
2 24 164
2 144 114
2 74 80
2 165 189
5 32 45 189 165 183
5 153 158 183 156 133
6 118 116 40 122 24 188
2 173 35
2 32 156
3 49 199 87
4 127 14 42 29
3 8 78 179
4 78 32 189 90
5 29 174 142 93 117
3 183 29 127
2 62 34
3 95 139 58
2 183 14
3 161 76 31
5 29 14 70 94 75
6 142 105 1 20 167 31
2 183 127
4 56 182 80 99
5 165 156 13 32 189
3 123 110 178
2 80 107
2 126 167
3 194 172 89
4 160 116 189 83
2 129 118
4 159 156 189 33
4 95 147 189 159
5 70 29 183 42 197
2 167 174
2 183 144
2 38 31
2 1 29
5 156 168 195 189 45
2 24 124
5 160 32 41 21 189
4 63 164 183 77
3 142 183 14
3 114 190 183
3 20 48 105
2 99 183
3 20 198 27
3 29 174 26
2 87 49
2 35 173
4 29 70 148 141
2 24 13
2 189 140
3 23 124 78
2 84 158
2 15 98
2 98 147
4 153 84 91 158
3 163 40 57
7 14 162 70 133 45 42 190
7 183 14 115 123 195 155 178
2 131 157
5 72 61 29 47 142
3 200 108 142
3 64 190 153
2 147 32
4 44 153 63 190
6 90 32 166 156 189 45
7 127 66 29 1 42 197 112
9 65 28 98 2 51 198 104 88 36
2 33 34
9 70 114 190 45 105 54 12 78 142
3 41 89 156
3 13 167 3
4 95 189 67 62
2 64 31
3 48 68 139
4 194 31 64 89
2 154 185
2 167 114
2 189 21
2 131 157
9 29 170 70 127 142 42 93 117 1
11 99 160 155 124 78 80 64 45 90 116 9
2 191 78
5 167 86 171 38 179
